{
 "cells": [
  {
   "cell_type": "code",
   "execution_count": 29,
   "id": "60cf9775-76b0-43c1-83a4-047b753b1db5",
   "metadata": {},
   "outputs": [
    {
     "name": "stdout",
     "output_type": "stream",
     "text": [
      "Files already downloaded and verified\n",
      "Files already downloaded and verified\n"
     ]
    }
   ],
   "source": [
    "import torch\n",
    "import torchvision\n",
    "import torchvision.transforms as transforms\n",
    "import matplotlib.pyplot as plt\n",
    "import numpy as np\n",
    "import torch\n",
    "import torch.nn as nn\n",
    "import torch.optim as optim\n",
    "import numpy as np\n",
    "from resnet18_32x32 import ResNet18_32x32\n",
    "from torch.utils.data import TensorDataset, DataLoader\n",
    "\n",
    "\n",
    "\n",
    "device = torch.device(\"cuda\" if torch.cuda.is_available() else False)\n",
    "\n",
    "# 加载训练好的模型\n",
    "model = ResNet18_32x32().to(device)\n",
    "model.load_state_dict(torch.load('./resnet/best.ckpt'))\n",
    "output = \"./output\"\n",
    "\n",
    "\n",
    "# 加载CIFAR-10数据集\n",
    "transform = transforms.Compose(\n",
    "    [transforms.ToTensor(),\n",
    "     transforms.Normalize((0.5, 0.5, 0.5), (0.5, 0.5, 0.5))])\n",
    "\n",
    "testset = torchvision.datasets.CIFAR10(root='./data', train=False,\n",
    "                                       download=True, transform=transform)\n",
    "testloader = torch.utils.data.DataLoader(testset, batch_size=1,\n",
    "                                         shuffle=False, num_workers=2)\n",
    "\n",
    "# 加载训练集和测试集\n",
    "trainset = torchvision.datasets.CIFAR10(root='./data', train=True, download=True, transform=transform)\n",
    "trainloader = torch.utils.data.DataLoader(trainset, batch_size=1, shuffle=True, num_workers=4)\n",
    "\n",
    "\n",
    "# 定义CIFAR-10类别标签\n",
    "classes = ('plane', 'car', 'bird', 'cat', 'deer', 'dog', 'frog', 'horse', 'ship', 'truck')\n",
    "\n",
    "# 对测试集进行预测\n",
    "model.eval()\n",
    "label_list = []\n",
    "probs_list = []\n",
    "\n",
    "with torch.no_grad():\n",
    "    for images, labels in testloader:\n",
    "        images = images.to(device)\n",
    "        outputs = model(images)\n",
    "        _, predicted = torch.max(outputs, 1)\n",
    "        probabilities = torch.softmax(outputs, dim=1) \n",
    "        label_list.append(predicted) #训练数据集\n",
    "        probs_list.append(probabilities) #训练数据集\n",
    "#        print(\"Size of tensor_list:\", len(predicted))\n",
    "#for i in range(100):\n",
    "#    predicted, probabilities = tensor_list[i]\n",
    "#    print(f\"Element {i+1}:\")\n",
    "#    print(\"Predicted Label:\", predicted)\n",
    "#    print(\"Probabilities:\", probabilities)\n",
    "#    print()\n"
   ]
  },
  {
   "cell_type": "code",
   "execution_count": 54,
   "id": "ff6435fd",
   "metadata": {},
   "outputs": [],
   "source": [
    "#参数加载\n",
    "latent_dim = 100\n",
    "lr = 0.0002\n",
    "batch_size = 64\n",
    "num_epochs = 100\n",
    "num_classes = 10\n",
    "\n",
    "class Generator(nn.Module):\n",
    "    \n",
    "\n",
    "    \n",
    "    def __init__(self, latent_dim, num_classes):\n",
    "        super(Generator, self).__init__()\n",
    "        self.label_embed = nn.Embedding(num_classes, latent_dim)\n",
    "        self.generator = nn.Sequential(\n",
    "            nn.Linear(latent_dim * 2 , 128),  # 将噪音维度加入生成器输入维度\n",
    "            nn.LeakyReLU(0.2, inplace=True),\n",
    "            nn.Linear(128, 256),\n",
    "            nn.LeakyReLU(0.2, inplace=True),\n",
    "            nn.Linear(256, 512),\n",
    "            nn.LeakyReLU(0.2, inplace=True),\n",
    "            nn.Linear(512, num_classes),\n",
    "            nn.Softmax(dim=1)\n",
    "        )\n",
    "\n",
    "    def forward(self, labels, noise):\n",
    "        gen_input = self.label_embed(labels)\n",
    "        gen_input_with_noise = torch.cat((gen_input, noise), -1)  # 将噪音和标签嵌入向量连接起来\n",
    "        class_probs = self.generator(gen_input_with_noise)\n",
    "        return class_probs\n",
    "\n",
    "\n",
    "\n",
    "class Discriminator(nn.Module):\n",
    "    def __init__(self, num_classes):\n",
    "        super(Discriminator, self).__init__()\n",
    "        self.label_embed = nn.Embedding(num_classes, num_classes)\n",
    "        self.discriminator = nn.Sequential(\n",
    "            nn.Linear(num_classes * 2 , 512),  # 输入维度为类别数乘以2\n",
    "            nn.LeakyReLU(0.2, inplace=True),\n",
    "            nn.Linear(512, 256),\n",
    "            nn.LeakyReLU(0.2, inplace=True),\n",
    "            nn.Linear(256, 1),\n",
    "            nn.Sigmoid()\n",
    "        )\n",
    "        \n",
    "\n",
    "    def forward(self, class_probs, labels):\n",
    "        label_embed = self.label_embed(labels)\n",
    "        input_tensor = torch.cat((class_probs, label_embed), dim=1)\n",
    "        validity = self.discriminator(input_tensor)\n",
    "        return validity"
   ]
  },
  {
   "cell_type": "code",
   "execution_count": 55,
   "id": "d21b50fd-d7b5-4c9e-b7dd-f40f16fef6b4",
   "metadata": {},
   "outputs": [],
   "source": [
    "\n",
    "# 创建生成器和判别器实例\n",
    "generator = Generator(latent_dim, num_classes).to(device)\n",
    "discriminator = Discriminator(num_classes).to(device)\n",
    "\n",
    "generator.load_state_dict(torch.load('./output/best/64/generator100.pth'))\n",
    "\n",
    "discriminator.load_state_dict(torch.load('./output/best/64/discriminator100.pth'))\n",
    "\n",
    "\n",
    "# 定义损失函数和优化器\n",
    "adversarial_loss = nn.BCELoss()\n",
    "optimizer_G = optim.Adam(generator.parameters(), lr=lr)\n",
    "\n",
    "optimizer_D = optim.Adam(discriminator.parameters(), lr=lr)"
   ]
  },
  {
   "cell_type": "code",
   "execution_count": 56,
   "id": "04951cad-921d-4638-afda-5564f5431506",
   "metadata": {
    "scrolled": true
   },
   "outputs": [
    {
     "name": "stdout",
     "output_type": "stream",
     "text": [
      "[Epoch 1/100] Label: tensor([1, 8, 3, 5, 7, 9, 8, 1, 1, 0, 1, 6, 4, 2, 5, 5, 4, 5, 4, 6, 8, 1, 7, 1,\n",
      "        7, 2, 9, 8, 9, 3, 7, 5, 8, 8, 9, 3, 8, 6, 7, 0, 9, 4, 3, 1, 4, 5, 9, 1,\n",
      "        1, 4, 4, 9, 8, 8, 6, 0, 2, 1, 7, 8, 1, 3, 2, 6], device='cuda:0')\n",
      "[Epoch 1/100] Generated Probs: [[1.00000000e+00 7.33672621e-31 3.37613377e-24 5.82506641e-27\n",
      "  8.97419744e-18 1.04311368e-29 8.55874962e-29 1.52492921e-29\n",
      "  6.11689088e-38 3.53028887e-29]\n",
      " [1.00000000e+00 1.62422940e-33 2.54225083e-27 9.97202152e-27\n",
      "  3.11464689e-23 6.16360318e-36 7.34035094e-35 1.76942355e-34\n",
      "  5.71729773e-43 1.13459832e-36]\n",
      " [1.00000000e+00 7.45231962e-31 3.15730053e-26 2.11271680e-22\n",
      "  1.99869901e-24 7.99307194e-30 4.62448204e-30 3.97772934e-29\n",
      "  2.43122736e-32 1.55271253e-28]\n",
      " [1.00000000e+00 1.54299748e-38 7.26819177e-33 8.13449849e-32\n",
      "  3.88960619e-28 8.71887905e-42 3.32766346e-41 5.90451121e-41\n",
      "  0.00000000e+00 4.95232890e-41]\n",
      " [1.00000000e+00 4.91378523e-23 4.06200998e-19 3.81692832e-17\n",
      "  2.18519135e-16 2.74920403e-21 6.77745507e-21 5.00389211e-19\n",
      "  3.21339366e-23 9.50176554e-20]\n",
      " [1.00000000e+00 3.19496050e-43 3.01615632e-33 1.34276697e-35\n",
      "  1.25325943e-27 1.20779316e-40 1.35173734e-39 7.04071203e-40\n",
      "  0.00000000e+00 1.74908000e-37]\n",
      " [1.00000000e+00 1.04860919e-33 4.19437343e-27 3.52922887e-27\n",
      "  7.63286161e-23 7.21990510e-36 1.16168298e-34 1.21293683e-34\n",
      "  8.21160900e-43 8.81377273e-37]\n",
      " [1.00000000e+00 3.10175454e-33 9.21860758e-26 8.42380813e-29\n",
      "  7.99348260e-19 1.28641235e-31 1.28316371e-30 2.50166709e-31\n",
      "  1.15594512e-40 3.53635086e-31]\n",
      " [1.00000000e+00 2.32364629e-34 1.20960565e-26 1.31475172e-29\n",
      "  3.27816491e-20 1.58513474e-32 1.09298088e-31 1.64028834e-32\n",
      "  2.61258086e-41 8.35266378e-32]\n",
      " [1.00000000e+00 5.84007270e-31 7.02347747e-27 5.71240510e-25\n",
      "  1.49278146e-25 7.53964757e-31 6.96564286e-31 1.01376579e-30\n",
      "  2.47793092e-32 7.74913501e-29]\n",
      " [1.00000000e+00 8.80827819e-33 1.21206358e-25 1.99807745e-28\n",
      "  4.83077200e-19 4.41744241e-31 3.34224303e-30 6.74052441e-31\n",
      "  2.27302802e-39 2.43605725e-30]\n",
      " [1.00000000e+00 7.70421753e-36 2.27287806e-26 2.86250703e-28\n",
      "  1.42225777e-22 3.22558515e-33 5.49893765e-31 1.72217093e-32\n",
      "  9.48440840e-41 4.62006954e-32]\n",
      " [1.00000000e+00 6.64342493e-29 6.91325433e-24 9.63643491e-25\n",
      "  1.66596657e-17 2.83107022e-27 8.06309137e-27 4.94374507e-27\n",
      "  1.18455624e-31 1.67852024e-25]\n",
      " [1.00000000e+00 8.04822273e-26 1.81213848e-18 3.06474941e-20\n",
      "  2.50222082e-16 6.74116921e-23 5.38431710e-23 4.84255204e-23\n",
      "  6.19812308e-28 2.24792037e-22]\n",
      " [1.00000000e+00 4.74616118e-35 3.20057358e-30 1.06259682e-28\n",
      "  3.59443424e-26 1.99427515e-38 7.41664453e-38 8.48391380e-38\n",
      "  1.34524653e-43 4.63428236e-38]\n",
      " [1.00000000e+00 5.94528446e-34 1.01786661e-28 1.03902813e-27\n",
      "  9.10120758e-25 1.23202717e-36 3.25806691e-36 4.04345412e-36\n",
      "  2.66106578e-42 2.46790766e-36]\n",
      " [1.00000000e+00 2.29272800e-30 3.29425282e-25 4.55594043e-26\n",
      "  6.94899181e-19 7.65955640e-29 2.29246812e-28 1.49194221e-28\n",
      "  5.87743502e-33 8.52916411e-27]\n",
      " [1.00000000e+00 1.14586698e-39 3.06730245e-33 2.67288020e-33\n",
      "  5.18582204e-28 8.87021928e-43 4.85269658e-42 3.42477345e-42\n",
      "  0.00000000e+00 5.08531213e-42]\n",
      " [1.00000000e+00 2.25029229e-26 2.56098455e-22 1.93178354e-22\n",
      "  5.84495151e-17 2.96830880e-25 5.81428303e-25 7.21317303e-25\n",
      "  2.85708505e-28 2.21041066e-23]\n",
      " [1.00000000e+00 6.56973705e-36 7.88996676e-26 1.05842188e-28\n",
      "  1.84829974e-21 4.17062016e-33 8.37695078e-31 2.37139543e-32\n",
      "  1.42133703e-41 3.48967362e-32]\n",
      " [1.00000000e+00 3.10630149e-33 1.48377079e-26 1.50052823e-26\n",
      "  1.77300174e-22 7.01201781e-35 9.01918520e-34 1.23662942e-33\n",
      "  6.11386520e-42 1.30639868e-35]\n",
      " [1.00000000e+00 6.54461650e-38 2.57496412e-29 1.79852428e-32\n",
      "  5.85582683e-22 6.95980904e-36 8.47070068e-35 1.48200479e-35\n",
      "  1.40129846e-45 4.75108873e-35]\n",
      " [1.00000000e+00 1.22664226e-23 1.65590973e-19 7.07905470e-18\n",
      "  8.91619306e-17 4.37732075e-22 1.06147033e-21 5.21791056e-20\n",
      "  1.86759605e-24 1.26896598e-20]\n",
      " [1.00000000e+00 2.51684005e-30 5.62416765e-24 2.18326392e-26\n",
      "  1.27820845e-17 4.94308036e-29 3.48805726e-28 7.07194314e-29\n",
      "  8.66006487e-37 2.20641179e-28]\n",
      " [1.00000000e+00 5.25875364e-28 2.99464247e-22 4.15147086e-21\n",
      "  1.31796786e-18 1.49949898e-25 5.81250859e-25 7.19043307e-23\n",
      "  5.16964315e-29 6.21435315e-24]\n",
      " [1.00000000e+00 8.69930615e-28 8.64855200e-20 9.13830609e-22\n",
      "  1.55454071e-17 9.24975107e-25 9.16863645e-25 1.11499691e-24\n",
      "  2.17646559e-30 3.69499529e-24]\n",
      " [1.00000000e+00 2.76055797e-43 1.00702735e-32 7.21797727e-36\n",
      "  9.21716175e-27 2.17544580e-40 2.96857092e-39 7.85584735e-40\n",
      "  0.00000000e+00 2.18485143e-37]\n",
      " [1.00000000e+00 2.02037495e-34 7.90779709e-28 2.28391506e-27\n",
      "  1.49352905e-23 3.13490224e-36 5.56667633e-35 5.78304248e-35\n",
      "  2.84463588e-43 6.96679141e-37]\n",
      " [1.00000000e+00 2.94272678e-44 8.89162661e-34 1.58687415e-36\n",
      "  1.06620705e-27 3.26894906e-41 4.00695691e-40 1.05634082e-40\n",
      "  0.00000000e+00 2.98956181e-38]\n",
      " [1.00000000e+00 7.65608383e-28 2.31900147e-23 5.56094591e-20\n",
      "  1.19117805e-21 1.04881700e-26 7.17625148e-27 4.26257354e-26\n",
      "  2.75228780e-29 1.24563947e-25]\n",
      " [1.00000000e+00 4.45625080e-24 2.26557170e-19 2.78732942e-18\n",
      "  5.72545568e-16 6.27352426e-22 1.99611142e-21 1.61234497e-19\n",
      "  7.17519086e-25 2.36422016e-20]\n",
      " [1.00000000e+00 4.55727508e-35 4.11225239e-30 7.59050338e-29\n",
      "  5.98141024e-26 3.41882662e-38 1.42309897e-37 9.89119301e-38\n",
      "  1.00893489e-43 7.77352555e-38]\n",
      " [1.00000000e+00 7.73778372e-31 3.06183196e-25 3.06829791e-25\n",
      "  3.58506338e-21 1.61385346e-33 1.89513273e-32 1.69548412e-32\n",
      "  6.16226605e-40 1.74788870e-34]\n",
      " [1.00000000e+00 8.16454812e-35 5.34276944e-28 1.40419372e-28\n",
      "  7.49111277e-23 6.20751185e-37 1.36196790e-35 7.06073123e-36\n",
      "  5.60519386e-45 7.55825247e-38]\n",
      " [1.00000000e+00 0.00000000e+00 2.09195578e-35 2.11620016e-38\n",
      "  7.26238631e-29 2.63444111e-43 3.62936302e-42 1.69136725e-42\n",
      "  0.00000000e+00 2.89512467e-40]\n",
      " [1.00000000e+00 1.30278959e-29 4.25950376e-25 1.06193199e-21\n",
      "  6.17016014e-23 1.40657405e-28 1.21010283e-28 7.07642706e-28\n",
      "  2.49345439e-31 1.81710027e-27]\n",
      " [1.00000000e+00 1.70472846e-29 6.33595330e-24 4.26387918e-24\n",
      "  7.25118093e-20 1.83315158e-31 1.54515958e-30 1.75494743e-30\n",
      "  6.50022841e-38 2.28133185e-32]\n",
      " [1.00000000e+00 1.57367735e-37 1.72645753e-27 3.18763373e-30\n",
      "  5.64112351e-23 5.57585758e-35 1.17950095e-32 3.41414161e-34\n",
      "  1.63951920e-43 7.39484945e-34]\n",
      " [1.00000000e+00 2.25922984e-25 6.43149365e-21 7.30903200e-19\n",
      "  4.92088837e-18 1.51187244e-23 3.83461941e-23 2.84363409e-21\n",
      "  5.32576329e-26 4.32144113e-22]\n",
      " [1.00000000e+00 6.88847698e-33 1.62436964e-28 2.32136096e-26\n",
      "  4.31515428e-27 1.34841016e-32 8.08811157e-33 1.75877920e-32\n",
      "  3.02252429e-34 1.42912635e-30]\n",
      " [1.00000000e+00 1.14906474e-43 3.70705001e-33 4.60809139e-36\n",
      "  3.06494899e-27 1.15580499e-40 1.37582426e-39 5.33345406e-40\n",
      "  0.00000000e+00 1.39827009e-37]\n",
      " [1.00000000e+00 1.39485230e-26 2.82267685e-22 1.62272727e-22\n",
      "  9.96165472e-17 2.66899895e-25 6.03219057e-25 7.95716304e-25\n",
      "  1.97445267e-28 1.46130440e-23]\n",
      " [1.00000000e+00 2.73345431e-29 6.82861715e-25 4.18503711e-21\n",
      "  5.16583481e-23 3.61972153e-28 1.67517206e-28 2.25537856e-27\n",
      "  1.46030723e-30 4.59373812e-27]\n",
      " [1.00000000e+00 3.56387373e-36 7.87621617e-28 4.06432579e-31\n",
      "  1.06402488e-20 6.20702435e-34 5.72549319e-33 9.56811351e-34\n",
      "  2.81660991e-43 3.72340480e-33]\n",
      " [1.00000000e+00 3.85892468e-28 1.92779256e-23 5.81135922e-24\n",
      "  7.23237510e-18 1.04253839e-26 2.01873465e-26 2.24914228e-26\n",
      "  2.95864706e-30 7.21185218e-25]\n",
      " [1.00000000e+00 1.01950225e-36 1.36319296e-30 6.75581571e-31\n",
      "  3.55481012e-25 2.57990678e-39 1.70516948e-38 6.23132484e-39\n",
      "  0.00000000e+00 6.81880801e-39]\n",
      " [1.00000000e+00 3.97408244e-42 2.22150800e-32 9.45515826e-35\n",
      "  2.14116533e-27 7.94033163e-40 4.53420246e-39 3.34882587e-39\n",
      "  0.00000000e+00 6.73705917e-37]\n",
      " [1.00000000e+00 6.37143138e-33 3.41642254e-26 1.29443328e-28\n",
      "  5.30981452e-20 1.39479035e-31 7.20965762e-31 1.21197206e-31\n",
      "  1.64732444e-39 9.54068361e-31]\n",
      " [1.00000000e+00 4.34533196e-35 4.66219992e-27 1.28988716e-30\n",
      "  4.65349227e-20 1.52557787e-33 2.02392547e-32 2.50048146e-33\n",
      "  6.13768727e-43 6.89867953e-33]\n",
      " [1.00000000e+00 5.40915452e-27 2.18713617e-22 5.76270717e-23\n",
      "  1.42660359e-16 2.07689845e-25 5.79667664e-25 4.61830630e-25\n",
      "  4.65977727e-29 1.10269273e-23]\n",
      " [1.00000000e+00 1.80222691e-31 2.08480345e-26 9.18760335e-27\n",
      "  5.26208620e-20 4.77178898e-30 1.49245954e-29 1.47862113e-29\n",
      "  4.33568142e-34 5.94206058e-28]\n",
      " [1.00000000e+00 3.40553502e-39 1.48653896e-29 1.13671472e-32\n",
      "  5.75194300e-24 1.83365747e-36 2.25118346e-35 7.29682235e-36\n",
      "  1.68155816e-44 8.63339346e-34]\n",
      " [1.00000000e+00 2.59417346e-34 1.59401614e-27 1.08081821e-27\n",
      "  7.29834609e-23 2.81921323e-36 5.05943731e-35 5.27046323e-35\n",
      "  3.36311631e-44 2.50366432e-37]\n",
      " [1.00000000e+00 1.51926062e-31 6.20106116e-26 8.94862425e-26\n",
      "  1.34535040e-21 1.57929078e-34 2.89939245e-33 2.88203554e-33\n",
      "  3.10429649e-41 1.47539378e-35]\n",
      " [1.00000000e+00 1.08188526e-37 2.18585441e-27 4.39466970e-30\n",
      "  1.03362273e-22 5.54488950e-35 1.65060742e-32 3.75714650e-34\n",
      "  1.09301280e-43 1.04524655e-33]\n",
      " [1.00000000e+00 1.20443971e-33 7.81432292e-29 2.31514286e-27\n",
      "  4.54635446e-27 2.53581168e-33 2.61477037e-33 3.04835899e-33\n",
      "  1.24509145e-35 3.18373123e-31]\n",
      " [1.00000000e+00 1.20090045e-29 3.26542068e-21 2.44746699e-23\n",
      "  7.68057413e-19 1.94005071e-26 1.21594381e-26 1.05973186e-26\n",
      "  2.26598004e-32 5.85454230e-26]\n",
      " [1.00000000e+00 1.44175048e-34 8.12630039e-27 8.33662851e-30\n",
      "  4.61919885e-20 8.95245110e-33 7.47061748e-32 1.24070769e-32\n",
      "  1.06989138e-41 5.28059393e-32]\n",
      " [1.00000000e+00 1.25606604e-24 3.26558401e-20 9.08177828e-19\n",
      "  5.19660437e-17 1.31605602e-22 3.56058340e-22 2.20471292e-20\n",
      "  4.67872022e-25 5.54530977e-21]\n",
      " [1.00000000e+00 1.53603210e-31 2.23136801e-25 3.87251227e-25\n",
      "  1.42823365e-21 1.32020707e-33 1.94274054e-32 2.06322974e-32\n",
      "  3.65525902e-40 1.71726236e-34]\n",
      " [1.00000000e+00 8.76213548e-32 2.64307156e-25 8.00226299e-28\n",
      "  1.10389931e-18 1.43611057e-30 1.19976483e-29 2.32189663e-30\n",
      "  1.32963970e-38 9.82842149e-30]\n",
      " [1.00000000e+00 2.32534585e-29 1.65253570e-24 4.55134847e-21\n",
      "  1.25204885e-22 4.42986902e-28 2.98579327e-28 2.16394330e-27\n",
      "  4.54277409e-31 4.15675116e-27]\n",
      " [1.00000000e+00 1.10696299e-29 1.96441522e-21 1.18870744e-23\n",
      "  4.17262316e-19 6.82022792e-27 4.40989154e-27 4.87131585e-27\n",
      "  1.30429430e-32 4.28173885e-26]\n",
      " [1.00000000e+00 3.08423550e-39 1.23353706e-28 3.37350845e-31\n",
      "  3.86686008e-24 4.72338297e-36 9.32389078e-34 2.51503904e-35\n",
      "  1.40129846e-44 9.43354191e-35]]\n",
      "[Epoch 1/100] D Loss: 0.0672, G Loss: 19.7249\n",
      "[Epoch 2/100] Label: tensor([1, 8, 4, 3, 7, 7, 4, 3, 8, 9, 6, 4, 8, 5, 3, 3, 8, 3, 1, 5, 4, 8, 0, 9,\n",
      "        0, 7, 4, 6, 4, 4, 9, 8, 1, 3, 7, 8, 4, 7, 7, 2, 0, 5, 8, 8, 7, 0, 6, 2,\n",
      "        9, 5, 4, 0, 4, 4, 7, 6, 2, 3, 3, 6, 1, 1, 6, 5], device='cuda:0')\n",
      "[Epoch 2/100] Generated Probs: [[1.00000000e+00 2.32307126e-33 1.87130965e-26 3.11687206e-29\n",
      "  1.70183260e-19 5.01389013e-32 3.41971267e-31 5.91393970e-32\n",
      "  2.31249279e-40 4.10414825e-31]\n",
      " [1.00000000e+00 1.51780439e-34 1.08089650e-27 2.47425337e-27\n",
      "  2.07056408e-23 1.16266590e-36 1.08952348e-35 2.23634156e-35\n",
      "  3.36311631e-44 8.32083573e-38]\n",
      " [1.00000000e+00 1.85054375e-28 8.36813314e-24 3.50572587e-24\n",
      "  7.53731027e-18 4.77319781e-27 1.41767226e-26 1.59400485e-26\n",
      "  1.05810591e-30 3.94578882e-25]\n",
      " [1.00000000e+00 1.21546831e-30 6.51012023e-26 5.02801261e-22\n",
      "  5.51883776e-24 1.07551963e-29 8.13072252e-30 6.49522642e-29\n",
      "  1.82396404e-32 1.15156503e-28]\n",
      " [1.00000000e+00 4.48666336e-24 1.88272977e-19 3.85614851e-18\n",
      "  2.79588344e-16 2.94351772e-22 1.31878055e-21 9.39504373e-20\n",
      "  4.33234471e-25 1.13111141e-20]\n",
      " [1.00000000e+00 5.42348713e-22 2.38166578e-18 1.67490124e-16\n",
      "  8.96619950e-16 1.33557414e-20 3.45060493e-20 1.94381447e-18\n",
      "  1.68691240e-22 3.64303809e-19]\n",
      " [1.00000000e+00 4.84745132e-30 7.00165576e-25 2.33623326e-25\n",
      "  1.16719165e-18 2.76701701e-28 7.42752602e-28 6.83402759e-28\n",
      "  2.19941576e-32 2.10664442e-26]\n",
      " [1.00000000e+00 2.00572941e-28 4.94841283e-24 1.54629363e-20\n",
      "  2.42907034e-22 2.73693173e-27 1.96356242e-27 1.25395342e-26\n",
      "  1.24283645e-29 4.85116084e-26]\n",
      " [1.00000000e+00 5.66556445e-28 5.61308928e-23 8.46141863e-23\n",
      "  3.34286097e-19 2.70409216e-30 2.90344923e-29 2.83374651e-29\n",
      "  4.94179934e-36 3.31449910e-31]\n",
      " [1.00000000e+00 1.01313879e-42 1.17356764e-32 8.81407963e-36\n",
      "  1.66514563e-26 5.59465609e-40 7.92759663e-39 2.07064269e-39\n",
      "  0.00000000e+00 8.82224958e-37]\n",
      " [1.00000000e+00 1.99390198e-39 3.29677287e-29 3.78932218e-31\n",
      "  1.11477149e-24 1.43950669e-36 2.31478164e-34 1.02948804e-35\n",
      "  8.40779079e-45 2.58665207e-35]\n",
      " [1.00000000e+00 5.67417239e-28 1.32376903e-23 9.67825361e-24\n",
      "  6.96165130e-18 1.15746780e-26 2.78921125e-26 2.71720920e-26\n",
      "  6.75574170e-30 8.98615517e-25]\n",
      " [1.00000000e+00 2.17908159e-31 1.32872575e-25 1.39420417e-25\n",
      "  1.27625204e-21 1.10985291e-33 1.26364467e-32 1.21406754e-32\n",
      "  5.01371979e-40 1.40647314e-34]\n",
      " [1.00000000e+00 9.30895529e-36 9.55809597e-31 2.41487977e-29\n",
      "  1.05052283e-26 5.05583862e-39 1.47965823e-38 1.59552810e-38\n",
      "  2.52233724e-44 1.22874986e-38]\n",
      " [1.00000000e+00 9.05949134e-35 3.21718623e-29 4.90148074e-25\n",
      "  5.61406268e-27 2.91816675e-33 1.70778409e-33 2.84226247e-32\n",
      "  2.30946955e-36 7.21815656e-32]\n",
      " [1.00000000e+00 6.33522321e-33 3.10064032e-27 1.24739057e-23\n",
      "  6.07836556e-25 3.21504828e-31 2.81677998e-31 2.59437659e-30\n",
      "  1.16431820e-34 4.16345767e-30]\n",
      " [1.00000000e+00 1.84679855e-36 7.45755945e-29 2.85834786e-29\n",
      "  6.35289448e-24 3.46546631e-38 6.52744107e-37 8.21258206e-37\n",
      "  0.00000000e+00 3.65530666e-39]\n",
      " [1.00000000e+00 7.69948123e-30 9.16275685e-26 1.62601232e-21\n",
      "  3.33756478e-24 3.78409665e-29 1.75447313e-29 2.48694154e-28\n",
      "  6.36803611e-31 6.93810051e-28]\n",
      " [1.00000000e+00 1.37461263e-31 9.62618465e-25 7.46561898e-28\n",
      "  7.32131356e-18 2.39534565e-30 2.06350860e-29 3.45919324e-30\n",
      "  7.18606872e-39 8.87057227e-30]\n",
      " [1.00000000e+00 2.73983221e-37 4.68077442e-32 9.33269446e-31\n",
      "  2.61005473e-27 7.80397128e-41 3.03686601e-40 5.86252831e-40\n",
      "  0.00000000e+00 2.61136173e-40]\n",
      " [1.00000000e+00 2.39605828e-30 5.30033029e-25 8.13799942e-26\n",
      "  6.03421122e-19 1.21945418e-28 3.42939825e-28 2.67957378e-28\n",
      "  6.82543815e-33 1.39441072e-26]\n",
      " [1.00000000e+00 2.17053416e-33 1.05448955e-26 4.39880242e-27\n",
      "  2.35854265e-22 2.29469096e-35 4.30427139e-34 2.37962117e-34\n",
      "  9.68297239e-43 3.06118416e-36]\n",
      " [1.00000000e+00 5.89731974e-30 2.66239816e-26 3.49685710e-24\n",
      "  6.62637983e-25 5.07969778e-30 3.88568704e-30 7.44212432e-30\n",
      "  2.99840091e-31 4.36503500e-28]\n",
      " [1.00000000e+00 0.00000000e+00 2.11225246e-34 7.32693901e-38\n",
      "  3.61079870e-28 1.22753745e-42 1.56188727e-41 5.85042109e-42\n",
      "  0.00000000e+00 5.41628481e-40]\n",
      " [1.00000000e+00 1.96036072e-33 5.81731052e-29 6.66648324e-27\n",
      "  2.42815624e-27 3.52204997e-33 2.50053877e-33 4.98644006e-33\n",
      "  4.68360715e-35 3.98714424e-31]\n",
      " [1.00000000e+00 3.45170570e-23 5.75940063e-19 2.60284969e-17\n",
      "  2.45123182e-16 2.22289361e-21 4.67999767e-21 3.10080673e-19\n",
      "  1.58564402e-23 5.86891559e-20]\n",
      " [1.00000000e+00 9.08194052e-29 3.83982858e-24 1.50494949e-24\n",
      "  4.20270534e-18 2.96888322e-27 8.08600840e-27 6.32567954e-27\n",
      "  5.17998184e-31 3.61211298e-25]\n",
      " [1.00000000e+00 1.68541539e-35 9.97229269e-26 5.62231095e-28\n",
      "  6.11090027e-22 1.26694605e-32 1.41373790e-30 6.54523542e-32\n",
      "  1.49703518e-40 1.31779311e-31]\n",
      " [1.00000000e+00 3.28812417e-26 2.85386954e-22 2.57948605e-22\n",
      "  7.36481913e-17 4.08784837e-25 1.03243157e-24 1.31408824e-24\n",
      "  4.86860116e-28 3.20451897e-23]\n",
      " [1.00000000e+00 4.29259802e-26 7.56148598e-22 1.64971578e-22\n",
      "  3.81634797e-16 5.50682696e-25 1.84876239e-24 1.23802263e-24\n",
      "  1.40174261e-28 3.07878275e-23]\n",
      " [1.00000000e+00 0.00000000e+00 1.45907289e-35 1.40242511e-39\n",
      "  4.92178048e-29 2.10194770e-44 3.55929810e-43 9.94921910e-44\n",
      "  0.00000000e+00 1.61429583e-41]\n",
      " [1.00000000e+00 3.09191543e-32 4.69694069e-26 8.12354600e-26\n",
      "  4.77337386e-22 3.65700356e-34 4.23600667e-33 6.30912797e-33\n",
      "  9.67036070e-41 9.34421754e-35]\n",
      " [1.00000000e+00 2.34933793e-30 7.83753899e-24 1.12471859e-26\n",
      "  9.83159331e-18 3.86099903e-29 3.08165378e-28 3.92955822e-29\n",
      "  8.03796010e-37 1.88341793e-28]\n",
      " [1.00000000e+00 4.62416027e-32 2.01115485e-27 8.08331065e-23\n",
      "  1.68442770e-25 4.01651514e-31 2.09210370e-31 4.07496195e-30\n",
      "  1.44413467e-33 5.38384613e-30]\n",
      " [1.00000000e+00 1.67655468e-26 4.57809532e-21 9.51739925e-20\n",
      "  8.78019877e-18 3.22600585e-24 1.05772632e-23 1.27612552e-21\n",
      "  1.73335351e-27 8.75475813e-23]\n",
      " [1.00000000e+00 2.41727365e-31 9.86728483e-26 2.43519020e-25\n",
      "  7.51679379e-22 5.53705043e-34 4.06975209e-33 5.05847729e-33\n",
      "  2.50093941e-40 7.05596970e-35]\n",
      " [1.00000000e+00 1.25417152e-29 1.01951624e-24 2.31138612e-25\n",
      "  1.69851943e-18 3.91870723e-28 1.03859624e-27 6.34847225e-28\n",
      "  3.81978329e-32 4.39060721e-26]\n",
      " [1.00000000e+00 1.43528252e-24 4.77392524e-20 1.44544621e-18\n",
      "  3.96236686e-17 1.61481695e-22 3.31228962e-22 2.52351495e-20\n",
      "  6.70349247e-25 6.11696711e-21]\n",
      " [1.00000000e+00 3.33014845e-25 1.69603158e-20 4.86594941e-19\n",
      "  3.59726290e-17 3.92049639e-23 1.23999481e-22 9.31460300e-21\n",
      "  5.91675569e-26 1.38714059e-21]\n",
      " [1.00000000e+00 1.77014218e-23 8.56971357e-17 1.48966936e-18\n",
      "  3.75052425e-15 4.18898197e-21 3.38039212e-21 3.28288134e-21\n",
      "  1.11340666e-25 1.27484656e-20]\n",
      " [1.00000000e+00 1.96201706e-30 2.56029568e-26 1.50122824e-24\n",
      "  7.61647866e-25 2.61721936e-30 1.98665993e-30 3.95740085e-30\n",
      "  4.66241937e-32 1.82772894e-28]\n",
      " [1.00000000e+00 6.26694663e-37 1.52612633e-31 2.51026236e-30\n",
      "  3.21294592e-27 2.22627090e-40 7.49118745e-40 9.26614215e-40\n",
      "  0.00000000e+00 4.06773122e-40]\n",
      " [1.00000000e+00 9.80594155e-32 2.24104906e-26 1.30807091e-25\n",
      "  4.29967008e-22 8.05903028e-35 1.31029288e-33 1.27167624e-33\n",
      "  3.30790515e-41 5.32001020e-36]\n",
      " [1.00000000e+00 1.11681426e-32 2.51784387e-26 2.31108527e-26\n",
      "  4.78723307e-22 7.55950373e-35 9.02200639e-34 1.35646290e-33\n",
      "  6.54126123e-42 6.25450669e-36]\n",
      " [1.00000000e+00 5.53089690e-30 4.67797357e-24 2.00960309e-22\n",
      "  1.22458702e-20 2.09060813e-27 6.24473733e-27 1.05867845e-24\n",
      "  8.19914739e-31 1.37028701e-25]\n",
      " [1.00000000e+00 1.32711005e-32 2.00147214e-28 2.67037243e-26\n",
      "  5.29866700e-27 9.90976194e-33 7.96478385e-33 1.73942983e-32\n",
      "  2.55122797e-34 1.13478360e-30]\n",
      " [1.00000000e+00 4.27386363e-38 1.19595059e-27 3.57605920e-30\n",
      "  2.27862883e-23 3.73213229e-35 8.47303528e-33 2.10724650e-34\n",
      "  8.82818033e-44 3.82984669e-34]\n",
      " [1.00000000e+00 1.77376440e-24 1.56368221e-17 4.03576846e-19\n",
      "  6.20485515e-16 8.83939622e-22 4.94243748e-22 4.81707398e-22\n",
      "  2.07180157e-26 2.89664615e-21]\n",
      " [1.00000000e+00 1.56987467e-41 8.22617941e-32 2.19818867e-34\n",
      "  3.01321169e-26 1.08935962e-38 1.10927493e-37 4.86792589e-38\n",
      "  0.00000000e+00 9.43371668e-36]\n",
      " [1.00000000e+00 1.71566114e-38 1.76958729e-32 1.22823396e-31\n",
      "  1.69403392e-27 2.14398665e-41 8.02944020e-41 9.57339085e-41\n",
      "  0.00000000e+00 2.50692295e-41]\n",
      " [1.00000000e+00 1.24544874e-26 3.46456931e-22 1.56215777e-22\n",
      "  7.90781158e-17 2.90772231e-25 6.85879699e-25 1.05114917e-24\n",
      "  1.39838848e-28 1.46137130e-23]\n",
      " [1.00000000e+00 3.12187997e-30 1.86799320e-26 2.70658729e-24\n",
      "  3.18116739e-25 2.05528228e-30 1.52749595e-30 3.14499696e-30\n",
      "  1.10670854e-31 1.35717551e-28]\n",
      " [1.00000000e+00 3.00031646e-28 1.46099217e-23 1.98636280e-24\n",
      "  2.67135266e-17 4.81482024e-27 1.90669006e-26 1.37448505e-26\n",
      "  4.04280108e-31 3.33088555e-25]\n",
      " [1.00000000e+00 3.29148592e-27 6.84192253e-23 2.51225424e-23\n",
      "  4.00893613e-17 5.25715396e-26 1.76931024e-25 1.46550092e-25\n",
      "  2.33102975e-29 6.37934065e-24]\n",
      " [1.00000000e+00 5.85849585e-26 5.73151629e-21 3.06912674e-19\n",
      "  7.28537422e-18 7.75341249e-24 1.90019426e-23 2.25199821e-21\n",
      "  1.26743339e-26 1.87951210e-22]\n",
      " [1.00000000e+00 8.93000797e-33 9.79824172e-24 6.38729643e-26\n",
      "  3.60405630e-20 3.93818481e-30 5.50410893e-28 1.52625615e-29\n",
      "  2.04928578e-37 3.51346828e-29]\n",
      " [1.00000000e+00 4.68254989e-29 7.57985743e-21 6.86450983e-23\n",
      "  3.12471075e-18 5.76236884e-26 5.75784213e-26 8.47364802e-26\n",
      "  9.38463379e-32 3.14627706e-25]\n",
      " [1.00000000e+00 1.36007788e-28 2.38187656e-24 1.12499237e-20\n",
      "  9.80999023e-23 9.12483267e-28 6.31280402e-28 4.32715436e-27\n",
      "  4.29702919e-30 1.39529403e-26]\n",
      " [1.00000000e+00 2.91596958e-29 2.93071810e-25 4.06668848e-21\n",
      "  1.31913131e-23 8.88490164e-29 5.23094068e-29 6.83882557e-28\n",
      "  9.98010691e-31 1.13528322e-27]\n",
      " [1.00000000e+00 7.56084768e-38 2.55222021e-27 8.92542366e-30\n",
      "  3.48569835e-23 7.98936330e-35 1.25249143e-32 3.99659447e-34\n",
      "  1.89175293e-43 4.94591544e-34]\n",
      " [1.00000000e+00 1.73765234e-32 2.39116140e-25 4.77397829e-28\n",
      "  3.84851958e-19 4.80032255e-31 3.60012166e-30 1.09001259e-30\n",
      "  2.57841019e-39 2.05997617e-30]\n",
      " [1.00000000e+00 2.68325114e-39 3.49791384e-30 7.27392966e-34\n",
      "  1.31953963e-22 5.17763505e-37 5.93671175e-36 9.45752970e-37\n",
      "  0.00000000e+00 4.22600981e-36]\n",
      " [1.00000000e+00 1.06559982e-37 1.83022047e-27 7.83165720e-30\n",
      "  2.36368460e-23 1.08733595e-34 1.30749252e-32 6.12250631e-34\n",
      "  7.20267411e-43 1.28300993e-33]\n",
      " [1.00000000e+00 4.42023639e-33 3.14020542e-28 2.62277030e-27\n",
      "  3.09310783e-24 3.51837821e-36 1.14254270e-35 1.27781172e-35\n",
      "  1.18493798e-41 4.31212317e-36]]\n",
      "[Epoch 2/100] D Loss: 0.0442, G Loss: 20.0069\n",
      "[Epoch 3/100] Label: tensor([0, 6, 3, 4, 0, 5, 6, 8, 5, 3, 0, 8, 9, 6, 4, 2, 5, 9, 5, 4, 2, 6, 0, 2,\n",
      "        4, 1, 0, 2, 6, 5, 9, 1, 2, 8, 1, 7, 8, 1, 7, 8, 7, 5, 6, 5, 6, 7, 9, 3,\n",
      "        7, 0, 7, 0, 5, 7, 1, 3, 0, 0, 8, 8, 1, 3, 1, 3], device='cuda:0')\n",
      "[Epoch 3/100] Generated Probs: [[1.00000000e+00 8.37899614e-31 1.42311231e-26 1.03873250e-24\n",
      "  3.53973573e-25 1.44471528e-30 1.19582100e-30 1.99891404e-30\n",
      "  2.47004130e-32 1.01343433e-28]\n",
      " [1.00000000e+00 7.03744447e-36 4.35557531e-26 9.04529188e-29\n",
      "  4.94413486e-22 2.44429173e-33 4.56814549e-31 1.52406046e-32\n",
      "  2.44344413e-41 2.28462367e-32]\n",
      " [1.00000000e+00 1.88780996e-31 2.28354155e-26 4.49505976e-23\n",
      "  4.46775673e-24 3.12974976e-30 2.61763878e-30 1.44540516e-29\n",
      "  2.38770600e-33 5.16373054e-29]\n",
      " [1.00000000e+00 4.44115007e-30 4.15133565e-25 1.81903707e-25\n",
      "  2.97711763e-19 1.46703127e-28 4.45710841e-28 4.14754599e-28\n",
      "  4.05653285e-32 2.61728456e-26]\n",
      " [1.00000000e+00 1.58397582e-30 7.67778906e-27 9.10794544e-25\n",
      "  1.69180108e-25 9.74460461e-31 8.52127704e-31 1.43373504e-30\n",
      "  5.29467341e-32 9.44329132e-29]\n",
      " [1.00000000e+00 1.14025136e-37 3.36303497e-32 5.93204055e-31\n",
      "  1.91681124e-27 1.36514496e-41 7.44664017e-41 7.13709334e-41\n",
      "  0.00000000e+00 1.19530759e-41]\n",
      " [1.00000000e+00 1.26178950e-33 2.47913226e-24 1.37174037e-26\n",
      "  1.81562396e-20 5.23492773e-31 5.34804806e-29 3.55313348e-30\n",
      "  1.36137897e-38 4.00282759e-30]\n",
      " [1.00000000e+00 4.33468914e-34 2.55316469e-27 2.85401459e-27\n",
      "  7.31922881e-23 6.09723481e-36 1.02932748e-34 1.02544766e-34\n",
      "  1.86372696e-43 9.18293170e-37]\n",
      " [1.00000000e+00 9.84039583e-36 1.84114878e-30 1.41943971e-29\n",
      "  5.51813750e-26 2.71597847e-39 1.23948352e-38 1.33797393e-38\n",
      "  1.40129846e-45 3.02906077e-39]\n",
      " [1.00000000e+00 4.11147236e-28 6.05504111e-24 4.03682912e-20\n",
      "  4.13507861e-22 3.02606523e-27 1.90205400e-27 1.79692499e-26\n",
      "  1.29593945e-29 2.88507079e-26]\n",
      " [1.00000000e+00 4.96465117e-33 9.63468783e-29 1.22598083e-26\n",
      "  2.96155332e-27 4.11282661e-33 3.16507952e-33 6.01465709e-33\n",
      "  8.76931184e-35 4.87160312e-31]\n",
      " [1.00000000e+00 2.75130771e-32 4.89633884e-26 6.30830865e-26\n",
      "  7.62765538e-22 1.45857842e-34 2.12855229e-33 2.73979613e-33\n",
      "  1.53077844e-41 1.22914077e-35]\n",
      " [1.00000000e+00 0.00000000e+00 1.07249751e-34 6.54991117e-38\n",
      "  1.27528882e-28 7.98740125e-43 1.25976732e-41 3.35751112e-42\n",
      "  0.00000000e+00 7.83872348e-40]\n",
      " [1.00000000e+00 9.79532390e-32 1.13360645e-23 4.93193964e-25\n",
      "  2.24132923e-20 1.44297006e-29 1.02847163e-27 7.13807536e-29\n",
      "  5.83033073e-36 1.66027283e-28]\n",
      " [1.00000000e+00 3.42100962e-28 3.58108204e-23 3.87492263e-24\n",
      "  6.06342977e-17 1.10735749e-26 3.77548028e-26 2.75517067e-26\n",
      "  6.23177939e-31 5.06340183e-25]\n",
      " [1.00000000e+00 7.80882613e-25 4.61314574e-18 1.78297476e-19\n",
      "  2.02048605e-16 2.30709074e-22 1.36224717e-22 1.65372938e-22\n",
      "  8.70694824e-27 7.93202038e-22]\n",
      " [1.00000000e+00 5.99186219e-36 1.20730746e-30 8.44977689e-30\n",
      "  3.87420961e-26 1.45174101e-39 5.60335255e-39 4.05056532e-39\n",
      "  1.40129846e-45 1.42165373e-39]\n",
      " [1.00000000e+00 4.83915443e-38 4.71427356e-29 1.15483175e-31\n",
      "  5.61220852e-24 9.46803876e-36 9.09141049e-35 3.25043416e-35\n",
      "  2.55036321e-43 4.59884357e-33]\n",
      " [1.00000000e+00 9.34343777e-41 2.09325812e-34 4.26037981e-33\n",
      "  9.65709197e-30 4.11981749e-43 1.17428811e-42 2.04449446e-42\n",
      "  0.00000000e+00 4.19128371e-42]\n",
      " [1.00000000e+00 4.35648435e-28 9.77938400e-24 4.14404371e-24\n",
      "  7.77132132e-18 7.19022602e-27 1.85233261e-26 1.48692685e-26\n",
      "  2.29068264e-30 8.23069760e-25]\n",
      " [1.00000000e+00 6.10119507e-27 2.58101548e-19 3.20666197e-21\n",
      "  3.12122178e-17 4.36541031e-24 2.54693328e-24 4.36387834e-24\n",
      "  3.05269405e-29 1.58629736e-23]\n",
      " [1.00000000e+00 5.29100525e-37 9.84674979e-27 2.93650872e-29\n",
      "  1.69664455e-22 4.10616248e-34 7.36681428e-32 3.48436436e-33\n",
      "  2.02067239e-42 4.18710280e-33]\n",
      " [1.00000000e+00 5.22108746e-31 2.89007031e-27 3.01706608e-25\n",
      "  6.86963372e-26 3.02761783e-31 1.93477624e-31 3.40552304e-31\n",
      "  1.68077590e-32 3.29752760e-29]\n",
      " [1.00000000e+00 7.02276124e-25 1.06107164e-17 7.84772678e-20\n",
      "  1.36679629e-15 3.21686622e-22 2.21635608e-22 2.38458818e-22\n",
      "  3.45069793e-27 1.14485452e-21]\n",
      " [1.00000000e+00 4.67793053e-27 1.00064519e-22 3.64141886e-23\n",
      "  5.99169137e-17 6.51369722e-26 1.93825429e-25 1.92195322e-25\n",
      "  2.03614083e-29 4.75646483e-24]\n",
      " [1.00000000e+00 3.24830525e-33 7.69943774e-26 4.87904740e-29\n",
      "  3.34949858e-19 9.05283758e-32 6.57971020e-31 8.83678877e-32\n",
      "  1.63860836e-40 3.21389559e-31]\n",
      " [1.00000000e+00 1.01777235e-30 5.90248263e-27 8.10265956e-25\n",
      "  1.84116746e-25 9.68649287e-31 8.84795820e-31 1.48332642e-30\n",
      "  4.56307511e-32 1.13331384e-28]\n",
      " [1.00000000e+00 5.23550965e-30 2.63069426e-21 2.08616712e-23\n",
      "  3.99414033e-19 1.22830265e-26 9.12591658e-27 7.62004583e-27\n",
      "  1.02972916e-32 4.17459829e-26]\n",
      " [1.00000000e+00 5.78869266e-35 1.29178623e-25 7.60964243e-28\n",
      "  1.34275607e-21 2.06434778e-32 3.25206700e-30 1.22326820e-31\n",
      "  4.08601817e-40 2.30130526e-31]\n",
      " [1.00000000e+00 8.68531192e-36 4.38579387e-30 2.20534221e-29\n",
      "  1.15074555e-25 9.57184942e-39 4.03309813e-38 4.13807444e-38\n",
      "  4.20389539e-45 1.10297463e-38]\n",
      " [1.00000000e+00 3.55929810e-43 4.31135659e-33 6.99899912e-36\n",
      "  1.90535100e-27 1.21192699e-40 1.26280674e-39 4.12058820e-40\n",
      "  0.00000000e+00 1.64532899e-37]\n",
      " [1.00000000e+00 4.13590089e-36 1.15107816e-27 4.84658014e-31\n",
      "  1.03489027e-20 2.06697756e-34 1.84480871e-33 2.76034566e-34\n",
      "  2.52233724e-44 5.36980513e-34]\n",
      " [1.00000000e+00 1.11280563e-29 9.42026643e-21 1.91644953e-23\n",
      "  3.98250366e-18 2.69836837e-26 2.78726498e-26 1.94359149e-26\n",
      "  8.68582180e-33 6.51352342e-26]\n",
      " [1.00000000e+00 8.02676179e-33 1.21020099e-26 4.63586622e-26\n",
      "  1.30913613e-22 3.30605691e-35 3.81264613e-34 6.93924345e-34\n",
      "  6.75285730e-42 3.03729258e-36]\n",
      " [1.00000000e+00 8.23832800e-33 2.32176063e-25 4.92405542e-28\n",
      "  3.54069181e-19 1.05080919e-30 8.07810401e-30 1.02331607e-30\n",
      "  6.22714337e-39 4.81523563e-30]\n",
      " [1.00000000e+00 7.05146990e-29 5.53399809e-23 1.21106774e-21\n",
      "  3.82157210e-19 2.90797611e-26 1.07284615e-25 1.53034772e-23\n",
      "  7.09260791e-30 1.05749171e-24]\n",
      " [1.00000000e+00 1.14295112e-30 5.52897028e-25 8.80774343e-25\n",
      "  3.91583707e-21 4.56657258e-33 5.07516042e-32 3.90842820e-32\n",
      "  1.38237953e-39 5.42200580e-34]\n",
      " [1.00000000e+00 1.72930544e-34 4.46797143e-27 2.68804807e-30\n",
      "  8.26309036e-20 7.28056753e-33 7.31121399e-32 1.04842973e-32\n",
      "  1.17793149e-41 5.96933429e-32]\n",
      " [1.00000000e+00 8.02490857e-22 6.31071682e-18 1.48455971e-16\n",
      "  4.59031506e-15 1.92205319e-20 6.31952805e-20 5.01344781e-18\n",
      "  9.30692227e-23 4.06373026e-19]\n",
      " [1.00000000e+00 3.72843359e-27 9.21419628e-22 6.00659696e-22\n",
      "  2.24520806e-18 9.15973726e-29 9.92211855e-28 8.90006894e-28\n",
      "  1.38675066e-34 1.12302344e-29]\n",
      " [1.00000000e+00 4.22101829e-27 8.96377825e-22 2.64322931e-20\n",
      "  2.14950637e-18 7.99449489e-25 3.27375974e-24 4.98042296e-22\n",
      "  6.78532082e-28 4.81365512e-23]\n",
      " [1.00000000e+00 1.85021964e-35 1.67465947e-30 6.60632610e-29\n",
      "  2.38922703e-26 6.24507999e-39 1.49523927e-38 2.67488287e-38\n",
      "  2.52233724e-44 9.38614094e-39]\n",
      " [1.00000000e+00 3.74329083e-38 3.20150512e-28 6.17868795e-30\n",
      "  3.46284773e-24 2.88040599e-35 3.62178369e-33 2.77309518e-34\n",
      "  5.74532370e-43 4.63793500e-34]\n",
      " [1.00000000e+00 8.84149109e-36 4.88677527e-30 8.35209839e-30\n",
      "  2.66627171e-25 9.51062949e-39 4.36684454e-38 2.72042843e-38\n",
      "  1.40129846e-45 1.54517692e-38]\n",
      " [1.00000000e+00 2.87592642e-35 1.05005053e-25 9.37492045e-28\n",
      "  6.42577669e-22 2.25688759e-32 3.27025462e-30 1.56779808e-31\n",
      "  9.34031288e-40 3.49544436e-31]\n",
